-1.644351184368133545e-01
1.218702867627143860e-01
5.144141986966133118e-02
1.139951031655073166e-02
1.149147655814886093e-02
-4.228613153100013733e-02
-7.704067230224609375e-02
-1.346537023782730103e-01
1.383786201477050781e-01
-8.827152848243713379e-02
2.100713104009628296e-01
-5.857117846608161926e-02
-1.455808728933334351e-01
-2.152272611856460571e-01
-5.137538909912109375e-02
1.364287137985229492e-01
-1.258824318647384644e-01
-1.380251944065093994e-01
-7.420273125171661377e-02
-5.456262826919555664e-02
3.927658498287200928e-02
-4.582767188549041748e-02
1.840460859239101410e-02
4.382430016994476318e-02
-1.138318181037902832e-01
-3.933992981910705566e-01
-6.642558425664901733e-02
-1.091387420892715454e-01
4.398994520306587219e-02
-6.624119728803634644e-02
-1.157358884811401367e-01
-2.398678101599216461e-02
-1.774705201387405396e-01
-8.717486262321472168e-02
4.697721451520919800e-04
9.632536768913269043e-02
-1.238441932946443558e-02
-2.472631260752677917e-02
1.910999715328216553e-01
3.327687829732894897e-02
-1.366741359233856201e-01
-3.518550097942352295e-02
4.970516264438629150e-02
2.626447379589080811e-01
2.107614725828170776e-01
4.096951335668563843e-02
2.750134095549583435e-03
-9.259377419948577881e-02
2.060943692922592163e-01
-1.773519217967987061e-01
5.107922106981277466e-02
1.250421851873397827e-01
1.853695362806320190e-01
2.209117263555526733e-02
1.601764261722564697e-01
-1.167156398296356201e-01
2.705176360905170441e-03
1.137077361345291138e-01
-2.259031385183334351e-01
4.127250984311103821e-02
-4.555177688598632812e-02
-2.042724937200546265e-02
-1.082623228430747986e-01
-6.999393552541732788e-02
1.767738312482833862e-01
1.556395739316940308e-01
-8.211873471736907959e-02
-1.429750919342041016e-01
2.160679548978805542e-01
-1.481861770153045654e-01
2.062533423304557800e-02
4.465668275952339172e-02
-3.198257461190223694e-02
-2.035833597183227539e-01
-3.121157884597778320e-01
2.421284839510917664e-02
3.447469472885131836e-01
1.854935437440872192e-01
-2.248314470052719116e-01
1.767199113965034485e-02
-3.630985692143440247e-02
-9.496164321899414062e-02
8.703862130641937256e-02
7.712362706661224365e-02
-1.405370235443115234e-01
7.693270593881607056e-02
-7.461234927177429199e-02
-4.742217436432838440e-02
1.085445433855056763e-01
6.304807960987091064e-02
-6.582267582416534424e-03
2.016679495573043823e-01
-1.720300503075122833e-02
5.357891693711280823e-02
4.899607598781585693e-02
-2.434600517153739929e-02
-1.650527417659759521e-01
2.361318096518516541e-02
-1.545008867979049683e-01
-7.300219684839248657e-02
5.417278781533241272e-02
-7.997032999992370605e-02
4.481986910104751587e-02
6.085643917322158813e-02
-1.767082065343856812e-01
8.134768158197402954e-02
3.532517934218049049e-03
1.021337416023015976e-02
-3.938229754567146301e-03
-7.813155651092529297e-03
-1.100271046161651611e-01
-4.237283766269683838e-02
1.081387773156166077e-01
-2.506814301013946533e-01
1.042336076498031616e-01
1.409453451633453369e-01
3.784333169460296631e-02
1.520800590515136719e-01
1.272395551204681396e-01
2.315823733806610107e-02
2.688936330378055573e-02
-2.287313714623451233e-02
-1.435472816228866577e-01
-3.631415963172912598e-02
3.323061019182205200e-02
-7.861876487731933594e-02
3.302215784788131714e-02
2.000226825475692749e-02
