-5.790491029620170593e-02
1.006857007741928101e-01
3.458962216973304749e-02
-5.694240704178810120e-02
2.313320059329271317e-03
-3.211065009236335754e-02
-2.902117371559143066e-02
-3.732368722558021545e-02
1.908881813287734985e-01
-1.444282233715057373e-01
1.683575212955474854e-01
1.226021442562341690e-02
-1.766224205493927002e-01
-2.973888814449310303e-02
5.672448500990867615e-02
9.535299986600875854e-02
-1.128586530685424805e-01
-1.427604407072067261e-01
-1.163491979241371155e-01
2.255845814943313599e-02
4.823946207761764526e-02
4.524633288383483887e-02
-8.589901030063629150e-03
7.414293475449085236e-03
-1.086329370737075806e-01
-3.075630664825439453e-01
-9.571352601051330566e-02
-8.614824712276458740e-02
4.718470200896263123e-02
-1.037867218255996704e-01
-5.091599747538566589e-02
-8.183352649211883545e-03
-1.913300305604934692e-01
-9.597802162170410156e-02
8.105665445327758789e-02
4.299225658178329468e-02
-3.678019344806671143e-02
3.086813725531101227e-03
2.340151071548461914e-01
3.946132212877273560e-02
-2.683540880680084229e-01
1.112487912178039551e-02
3.111572191119194031e-02
2.772180438041687012e-01
2.013765722513198853e-01
9.624975174665451050e-02
-4.540596902370452881e-02
-6.997900456190109253e-02
1.455242037773132324e-01
-2.246489673852920532e-01
1.333951354026794434e-01
1.175204142928123474e-01
1.115965247154235840e-01
8.096563071012496948e-02
8.637644350528717041e-02
-1.881768107414245605e-01
5.276420712471008301e-02
1.076724231243133545e-01
-2.302630394697189331e-01
4.190322384238243103e-02
5.473586916923522949e-02
-1.245115995407104492e-01
-3.545371443033218384e-02
3.866179659962654114e-02
2.464498877525329590e-01
9.463977068662643433e-02
-1.122857481241226196e-01
-1.981663107872009277e-01
1.523319184780120850e-01
-1.364712119102478027e-01
-1.356132328510284424e-02
9.871798008680343628e-02
-1.346644610166549683e-01
-1.417111307382583618e-01
-2.855909168720245361e-01
3.585536032915115356e-02
3.915724754333496094e-01
9.970423579216003418e-02
-1.604599952697753906e-01
1.013020277023315430e-01
-4.795834794640541077e-02
-2.063969150185585022e-02
1.076171174645423889e-01
1.436507999897003174e-01
-4.996592551469802856e-02
2.013564482331275940e-02
2.075466327369213104e-04
1.170579902827739716e-02
1.807866990566253662e-01
9.949696250259876251e-03
-1.100734174251556396e-01
1.233860179781913757e-01
-6.623820960521697998e-02
3.645930811762809753e-02
4.410567507147789001e-02
-1.630956865847110748e-02
-8.276777714490890503e-02
-6.130800396203994751e-02
-1.501575708389282227e-01
-6.305569410324096680e-02
3.750854730606079102e-02
-1.077265013009309769e-02
-3.130574151873588562e-02
1.978995501995086670e-01
-2.026167809963226318e-01
1.516792923212051392e-01
-9.214105084538459778e-03
-1.285891141742467880e-02
1.674674823880195618e-02
4.808465391397476196e-02
-6.652155518531799316e-02
-6.350157409906387329e-02
6.985598802566528320e-02
-2.813405692577362061e-01
2.643068730831146240e-01
1.436550170183181763e-01
5.854806862771511078e-03
8.880889415740966797e-02
6.326487660408020020e-02
1.319155097007751465e-02
6.842670589685440063e-02
6.464712321758270264e-02
-2.438391000032424927e-01
-7.407753914594650269e-02
9.717664867639541626e-02
2.286308817565441132e-02
1.407292336225509644e-01
-1.404125988483428955e-02
