-6.592045724391937256e-02
8.402069658041000366e-02
7.707518339157104492e-02
1.713210716843605042e-02
-1.471868753433227539e-01
-6.302183959633111954e-03
-1.124266535043716431e-03
-9.734813123941421509e-02
1.061216294765472412e-01
-9.601682424545288086e-02
1.716011762619018555e-01
-6.568230688571929932e-02
-2.225320041179656982e-01
-5.417453497648239136e-02
-5.088077485561370850e-02
1.909041404724121094e-01
-5.901196226477622986e-02
-1.736712306737899780e-01
-1.124910563230514526e-01
-2.998349443078041077e-02
2.939132740721106529e-03
-4.289641603827476501e-02
-2.452030405402183533e-02
2.884261123836040497e-02
-7.515677809715270996e-02
-3.566925525665283203e-01
-3.715212643146514893e-02
-7.375587522983551025e-02
-7.976792752742767334e-03
-9.047578275203704834e-02
-2.530632726848125458e-02
9.320283681154251099e-02
-1.582165360450744629e-01
-1.212843693792819977e-02
-6.384256295859813690e-03
1.101411357522010803e-01
-9.288774430751800537e-02
-4.380543902516365051e-02
1.722063273191452026e-01
-1.902353391051292419e-02
-2.341020405292510986e-01
-1.033704355359077454e-02
7.308176159858703613e-02
1.995023936033248901e-01
1.812897622585296631e-01
6.791999191045761108e-02
5.024899914860725403e-02
-4.928705096244812012e-02
5.964110046625137329e-02
-2.315571904182434082e-01
-1.236179843544960022e-03
1.246890723705291748e-01
1.232236623764038086e-01
5.303631350398063660e-02
3.959820792078971863e-02
-1.672102063894271851e-01
8.826265111565589905e-03
7.196809351444244385e-02
-1.981052458286285400e-01
2.113315835595130920e-02
-9.879271499812602997e-03
-1.294301003217697144e-01
-8.328567445278167725e-02
-2.830768004059791565e-02
2.267987132072448730e-01
1.270158737897872925e-01
-5.792406573891639709e-02
-9.409326314926147461e-02
2.400415241718292236e-01
-1.896166205406188965e-01
-5.941607430577278137e-02
-6.314586382359266281e-03
-9.486323595046997070e-02
-1.844789832830429077e-01
-2.706274092197418213e-01
4.157102853059768677e-02
4.091964364051818848e-01
1.287180632352828979e-01
-1.542676985263824463e-01
4.240591078996658325e-02
1.058126613497734070e-02
-1.478958409279584885e-02
2.316121757030487061e-02
8.494066447019577026e-02
-1.019411236047744751e-01
-3.241253644227981567e-02
-9.743469208478927612e-02
1.115646772086620331e-02
1.800515502691268921e-01
-7.994338870048522949e-02
1.047705486416816711e-02
1.211232021450996399e-01
-4.389736801385879517e-03
-4.797901958227157593e-03
6.120495498180389404e-03
-1.004752703011035919e-02
-7.181684672832489014e-02
4.443011805415153503e-02
-1.417594105005264282e-01
-6.018953770399093628e-02
6.252305954694747925e-02
-8.626233041286468506e-02
2.424055524170398712e-02
7.174182683229446411e-02
-1.637320518493652344e-01
8.452745527029037476e-02
-2.858031727373600006e-02
-5.214525759220123291e-02
1.543215941637754440e-03
3.857346624135971069e-02
-1.109236329793930054e-01
-6.285945326089859009e-02
1.568399518728256226e-01
-1.721872389316558838e-01
2.112305909395217896e-01
2.081404626369476318e-01
-8.359117433428764343e-03
1.300808340311050415e-01
1.340417712926864624e-01
9.523165971040725708e-02
5.856288969516754150e-02
-3.011292591691017151e-02
-1.595703959465026855e-01
-8.669860661029815674e-02
9.095413982868194580e-02
-2.632949501276016235e-02
2.759786322712898254e-02
5.270634964108467102e-02
