-8.110947906970977783e-02
6.883729994297027588e-02
6.569312512874603271e-02
-7.811111211776733398e-02
-1.405946165323257446e-01
-3.943220153450965881e-02
-6.695823743939399719e-03
-4.290406033396720886e-02
1.655273139476776123e-01
-1.672465056180953979e-01
1.336663514375686646e-01
-7.075452804565429688e-02
-2.242761850357055664e-01
1.302027143537998199e-02
1.608946546912193298e-02
1.614608019590377808e-01
-9.398166835308074951e-02
-1.638747006654739380e-01
-1.361255943775177002e-01
-6.640563905239105225e-02
-1.772617921233177185e-02
-8.452981710433959961e-03
-3.174754604697227478e-02
3.552957624197006226e-02
-5.183583870530128479e-02
-3.661537766456604004e-01
-6.783127039670944214e-02
-1.062023863196372986e-01
1.086223125457763672e-02
3.186076181009411812e-03
2.135571464896202087e-02
4.420999065041542053e-02
-1.438488811254501343e-01
-2.357869781553745270e-02
5.485215038061141968e-02
5.859779193997383118e-02
-1.403758525848388672e-01
-6.077703833580017090e-02
2.782001197338104248e-01
-4.943862557411193848e-02
-1.817111074924468994e-01
-3.007530048489570618e-02
4.876971989870071411e-02
2.105790674686431885e-01
1.834688931703567505e-01
4.458558931946754456e-02
2.716965973377227783e-02
-1.003180891275405884e-01
2.006519734859466553e-01
-2.779753208160400391e-01
5.022195726633071899e-02
1.492005735635757446e-01
1.011009290814399719e-01
7.525254040956497192e-02
1.446485072374343872e-01
-1.388278752565383911e-01
8.344577997922897339e-02
2.152208089828491211e-01
-2.613630890846252441e-01
5.209680274128913879e-02
-1.993552409112453461e-02
-9.977521002292633057e-02
-6.017797440290451050e-02
-6.208747997879981995e-02
2.681775987148284912e-01
1.310764849185943604e-01
-9.244547039270401001e-02
-1.205895543098449707e-01
2.175427079200744629e-01
-1.667886376380920410e-01
-5.885424558073282242e-03
5.811961740255355835e-02
-1.206730082631111145e-01
-1.813009679317474365e-01
-2.499926686286926270e-01
-2.647005021572113037e-05
4.039332866668701172e-01
1.649829149246215820e-01
-1.311217397451400757e-01
1.228236593306064606e-02
-1.470077596604824066e-02
-6.430349498987197876e-02
9.297549724578857422e-02
4.593417048454284668e-02
-1.347416341304779053e-01
-1.360349357128143311e-01
-5.285383015871047974e-02
1.773875020444393158e-02
2.183001786470413208e-01
-4.747310280799865723e-02
-1.686514914035797119e-02
1.587051749229431152e-01
6.452500820159912109e-04
2.450649812817573547e-02
-4.223991930484771729e-02
-6.337972730398178101e-02
-1.183377429842948914e-01
-3.890353068709373474e-02
-1.626312434673309326e-01
-5.439189821481704712e-02
1.921550929546356201e-02
-5.069263279438018799e-02
-9.968918748199939728e-03
1.025669351220130920e-01
-2.109041512012481689e-01
9.424002468585968018e-02
-4.921307414770126343e-02
-3.488696366548538208e-02
-5.844716727733612061e-02
-1.986085996031761169e-02
-1.209636628627777100e-01
-8.209911175072193146e-03
1.645186543464660645e-01
-1.819751858711242676e-01
1.946937888860702515e-01
1.413828134536743164e-01
5.386369768530130386e-03
1.302327364683151245e-01
7.817780226469039917e-02
-2.648394182324409485e-02
1.986190676689147949e-02
-7.216864079236984253e-02
-2.346605956554412842e-01
-3.606594726443290710e-02
1.278457790613174438e-01
2.415458858013153076e-02
6.750480830669403076e-02
2.108705416321754456e-02
