-1.411093920469284058e-01
7.570211589336395264e-02
1.029757633805274963e-01
-2.318043634295463562e-02
-1.632372587919235229e-01
-1.058690622448921204e-01
-8.806201070547103882e-02
-4.444102197885513306e-02
7.521853595972061157e-02
-5.525287985801696777e-02
1.935366094112396240e-01
6.661428604274988174e-03
-1.890209317207336426e-01
3.717964515089988708e-02
-5.387075245380401611e-02
1.197474077343940735e-01
-8.464128524065017700e-02
-7.631988078355789185e-02
-1.237029060721397400e-01
-7.327158749103546143e-02
3.632079344242811203e-03
6.690114736557006836e-02
-3.395012393593788147e-02
6.489029526710510254e-02
-6.166209280490875244e-02
-2.526138126850128174e-01
-8.802120387554168701e-02
-4.097241163253784180e-02
6.544446945190429688e-02
-2.626723423600196838e-02
5.724651739001274109e-03
8.651899546384811401e-02
-1.186322793364524841e-01
-1.200877316296100616e-02
5.843992531299591064e-02
7.296939194202423096e-02
-9.190075844526290894e-02
-9.006383270025253296e-02
2.237927615642547607e-01
-8.583593368530273438e-02
-1.834267675876617432e-01
-3.377765044569969177e-02
9.678741544485092163e-02
2.701713144779205322e-01
1.747848540544509888e-01
-1.757677644491195679e-02
6.191029027104377747e-02
-5.422371998429298401e-02
1.062766835093498230e-01
-2.436508983373641968e-01
-3.972770646214485168e-03
2.115180194377899170e-01
7.031844556331634521e-02
1.030499786138534546e-01
8.811095356941223145e-02
-1.852332949638366699e-01
6.575711071491241455e-02
1.985052973031997681e-01
-1.371864676475524902e-01
7.259790599346160889e-02
5.835956428200006485e-03
-8.871411532163619995e-02
-6.193672120571136475e-02
-1.070463657379150391e-01
2.182915359735488892e-01
9.945466369390487671e-02
-1.304298490285873413e-01
-1.654865890741348267e-01
1.627528816461563110e-01
-1.571529209613800049e-01
-4.013836011290550232e-02
1.405221521854400635e-01
-1.744680851697921753e-01
-2.021769136190414429e-01
-2.364566028118133545e-01
5.329968035221099854e-02
4.036913812160491943e-01
1.594507843255996704e-01
-1.192772164940834045e-01
7.690954208374023438e-02
-1.364310458302497864e-02
-5.447502806782722473e-02
2.603072114288806915e-02
5.201530456542968750e-02
-1.316523849964141846e-01
-4.957611113786697388e-02
-8.263932168483734131e-02
8.377263695001602173e-02
2.295241504907608032e-01
-2.543909475207328796e-02
2.954305894672870636e-02
1.810491234064102173e-01
4.774498194456100464e-02
-1.486824080348014832e-02
-2.336749434471130371e-02
3.935222700238227844e-02
-4.951331019401550293e-02
-1.545001193881034851e-02
-9.741274267435073853e-02
3.338186442852020264e-02
1.302985548973083496e-01
-1.388242393732070923e-01
3.240033984184265137e-02
1.062189564108848572e-01
-1.711196303367614746e-01
1.177243217825889587e-01
-6.206838879734277725e-03
3.991886973381042480e-02
-1.850613392889499664e-03
1.141817960888147354e-02
-1.173908561468124390e-01
-1.291135209612548351e-03
2.059933543205261230e-01
-1.830284297466278076e-01
2.538520395755767822e-01
1.491623520851135254e-01
4.334240034222602844e-02
9.963218122720718384e-02
8.859602361917495728e-02
7.363893836736679077e-02
-9.224345907568931580e-03
-6.105401366949081421e-02
-1.198920458555221558e-01
-5.896796286106109619e-02
6.590190529823303223e-02
-6.484276056289672852e-02
2.855391241610050201e-02
3.705191984772682190e-02
